PRIVATE_KEY=0x105d050185ccb907fba04dd92d8de9e32c18305e097ab41dadda21489a211524
ACCOUNT_ID=0.0.1012
ADDRESS=0x67d8d32e9bf1a9968a5ff53b87d777aa8ebbee69

TPRIVATE_KEY=0x63f1a6f7d8cf95e11b7ba12b18d6ff8f9a295c98c734a98660aef4c8b9f71b38
TACCOUNT_ID=0.0.5749335
TADDRESS=0x51e6c539306dfd3fa19dc6580355e4f747b869a0

USER_PRIVATE_KEY=0x2e1d968b041d84dd120a5860cee60cd83f9374ef527ca86996317ada3d0d03e7
USER_ACCOUNT_ID=0.0.1013
USER_ADDRESS=0x05fba803be258049a27b820088bab1cad2058871

TUSER_PRIVATE_KEY=0x4989a015b5198b4f2609d916a2fc9fc61c4e77868caeb1ef6dc455af04d3d102
TUSER_ACCOUNT_ID=0.0.5763104
TUSER_ADDRESS=0x2df492d472e20271cbc0aca5387eb69eb86644d2

NETWORK=testnet 

USER2_PRIVATE_KEY=0x45a5a7108a18dd5013cf2d5857a28144beadc9c70b3bdbd914e38df4e804b8d8
USER2_ACCOUNT_ID=0.0.1014
USER2_ADDRESS=0x927e41ff8307835a1c081e0d7fd250625f2d4d0e